4 1 1 -1 1 1 -1 1 -1 1 1 -1 1 -1 1 -1 1
5 0 0 0 0 0 99 99 99 0 0 0 0 99 0 0 0 0 0 0 0 0 0 0 0 0
3 6 -24 0 12 -10 12 40 -4 6
5
         0
       0 0 0
     299 0 0 0 9
   -9 0 0 0 9 -9999 9
 -9 28 -9 0 9 9 9 9 9
5
         0
       0 0 0
     9 9 9 9 9
   0 -9 9 9 9 -9 0
 0 0 0 -9 9 -9 0 0 0
6
          0
        0 0 0
      0 1000 1000 1000 0
    0 9 9 -2 9 9 0
  0 0 0 9 9 9 0 0 0
0 0 0 0 0 9 -9999 0 0 0 0
6
          0
        0 0 0
      0 0 0 0 0
    0 9 9 9 9 9 0
  0 0 0 9 9 9 0 0 0
0 0 0 0 0 9 -9999 0 0 0 0
6
          0
        0 0 0
      0 1000 1000 1000 0
    0 9 9 -2 9 9 0
  0 0 0 9 9 9 0 0 0
0 0 0 0 0 9 -9999 0 0 0 0
0




